7843.2
7841.7
5842.1
8342.4
7841.1
8842.4
5343.5
8841.5
8341.7
6341.6
7843.8
5343.7
7343.3
8342.2
8842.9
7848.2
5842.0
8341.9
7343.9
8841.4
9342.0
6842.6
7343.0
7341.8
6843.0
8343.3
9343.6
8341.1
8841.8
8843.3
5842.8
5845.9
7342.7
7844.0
8844.8
6342.3
7841.9
6843.1
7342.4
8342.3
8842.8
5842.0
7842.8
8343.7
7843.8
7844.3
7342.4
7343.9
8342.0
7341.7
8842.5
6842.1
8842.9
8843.2
7343.5
5842.2
8343.3
8841.1
7341.4
7342.2
8341.9
7842.4
5843.2
8342.8
7842.2
5844.1
6346.4
8342.5
4844.6
9842.0
6843.1
5342.3
7341.5
7341.9
8842.5
6346.3
8341.3
7841.9
6843.3
8843.7
7842.6
7842.2
7842.0
7342.2
8841.0
7842.4
7342.3
8842.2
8341.6
6342.3
6841.6
7844.4
7342.6
5342.3
7841.7
7342.9
8343.4
7842.6
6844.6
8342.2
7343.9
8843.2
9343.8
6342.3
7841.6
9341.2
7341.9
7343.4
7342.3
6344.1
6341.9
7842.6
6844.8
7341.4
5841.4
4842.6
8843.9
6842.0
7342.0
7342.2
7342.1
7841.8
8841.6
8842.2
5843.9
5842.7
6842.0
8343.6
7342.0
7342.0
9344.5
6342.0
7845.0
7842.5
8341.1
6342.5
8844.6
6342.6
8841.7
7841.7
8342.8
8845.9
7344.7
6343.7
8344.6
7841.4
7844.3
6844.2
7842.5
7844.0
8842.6
6842.3
7842.5
7841.6
8844.1
6841.2
8342.7
6841.9
7843.6
7841.4
7843.2
8842.6
7342.0
8841.5
6842.4
8343.3
6842.9
8342.2
8341.3
6841.0
7846.3
8342.0
8341.6
8342.3
8344.3
7842.9
7841.9
8842.0
6842.9
7343.0
7342.7
7341.5
7343.0
8343.1
6343.2
8343.4
8343.5
5841.9
6341.9
6843.2
7842.0
6844.3
7845.3
9342.3
8343.2
8842.7
9342.5
8346.4
8841.8
7342.2
8344.3
8845.3
8841.8
9342.1
9341.5
8343.4
7342.2
8842.1
8842.9
7343.1
7343.0
8341.5
6844.4
6341.6
5842.0
8842.8
7341.9
8343.0
6843.4
8843.4
9341.7
6841.7
7343.0
8841.9
6842.7
8843.8
9844.4
8340.7
8842.2
8843.7
8843.3
7842.9
6842.5
5842.9
8343.2
5842.9
7341.9
8344.4
9342.3
7844.2
8343.3
6842.1
7342.0
8345.2
7344.6
7342.3
7844.7
7343.5
7343.2
8341.9
8344.5
7341.4
7841.8
7843.0
6843.3
8341.2
8841.5
6844.0
7843.3
7344.7
7844.1
6841.8
7342.9
4844.2
7842.5
6842.8
8345.1
6843.0
8341.7
7342.1
7843.2
7845.0
6843.1
5842.0
7342.6
7341.6
5842.7
8842.6
7343.8
7841.2
8841.4
7344.4
7340.7
5841.0
7342.0
8342.1
7842.7
8342.1
8344.7
8342.3
8843.1
6841.6
8842.1
6341.7
6343.5
7844.5
8342.6
7842.4
8842.3
7341.9
7342.6
5842.4
7842.5
8843.2
8342.4
8841.5
8842.2
7841.8
7343.3
7841.6
7341.9
8844.0
8841.8
6341.7
7842.1
4843.5
8842.0
6844.2
8841.9
9341.6
7342.9
8845.6
7842.6
8842.3
7343.5
8341.0
8842.9
5843.1
6842.1
5347.0
8342.3
8342.1
7342.6
7341.6
7845.1
8841.5
7345.1
4843.3
6341.7
7844.6
7842.8
8844.5
9344.0
8842.2
7342.6
6341.4
6342.7
7342.7
8344.7
7842.7
3842.2
6843.5
8345.4
8841.9
7343.4
8342.8
6842.7
9342.8
8342.4
7842.7
8841.9
7841.6
9343.2
6842.4
7343.2
5842.3
7344.4
5342.5
7845.4
8844.0
7342.2
7342.1
8842.7
8341.1
8343.2
9342.2
7343.2
6842.2
7844.3
8341.1
7343.9
7844.6
8846.0
7841.8
7843.2
7843.5
8342.1
9342.5
8342.3
7841.2
6841.8
6843.1
8341.0
8342.6
6841.1
9343.1
7341.0
6342.1
9341.7
8841.9
8841.3
6842.4
8842.4
7842.6
9343.5
7342.1
7343.1
8342.6
5843.5
8341.6
8843.3
7342.3
6844.3
6842.6
5840.8
5342.5
8842.3
7842.3
8344.4
8844.3
7342.5
6342.2
8843.2
8342.5
6841.7
7342.6
7843.8
7843.3
7844.4
7844.5
8343.3
7342.7
7841.5
9344.7
7842.2
5844.1
7841.8
7841.9
8842.3
7841.8
7842.7
6842.9
6345.2
8343.9
8342.1
8342.4
9346.0
6342.5
7343.7
7342.8
6342.3
7842.7
6841.8
8342.9
8842.7
8841.9
7843.7
7842.7
7340.5
7841.4
7842.4
8341.6
9342.9
9343.8
7342.9
8843.1
6843.6
8341.0
6842.1
6841.6
8343.3
8341.4
5842.6
8343.0
7842.4
6841.1
8843.5
7841.3
7342.8
7344.5
7842.3
6842.0
6842.4
8344.5
6841.6
7843.2
8842.4
9342.1
6844.6
6841.2
7843.3
8842.0
7842.7
8341.3
9343.0
7342.4
7342.9
7842.8
8845.3
5343.5
6841.7
8343.1
8842.9
5842.3
8842.0
8342.8
5341.8
7843.7
7842.4
9341.7
7341.7
7342.5
6842.8
6843.1
7342.0
6342.5
7342.9
9342.3
7842.4
8342.6
6341.7
7842.5
7344.0
6843.9
7341.6
7845.8
8342.6
9345.3
7841.7
3841.7
6342.8
6343.9
6343.1
7842.2
7347.0
8842.9
6345.0
8845.3
7843.0
6842.8
7844.9
4841.5
8343.3
7842.9
9343.0
9344.0
7842.4
8842.4
8842.4
8342.6
8844.7
7841.7
8841.9
8343.3
6844.8
7844.4
8343.3
5341.4
8843.8
8341.4
7342.9
9342.5
8342.6
7343.9
5840.8
7841.7
7842.1
7843.3
9842.7
6842.0
6342.7
8842.8
7843.6
7842.9
6342.4
8342.1
8341.3
9342.7
7340.9
8342.4
7342.3
7342.2
9843.6
7342.4
7841.1
8345.2
8843.0
6842.5
5842.3
6342.0
8343.7
7842.4
8346.0
8844.0
6841.2
8343.8
8341.6
7342.8
7842.4
7843.6
7843.1
6842.3
7842.7
9342.9
7342.4
7843.4
7841.5
8342.5
7342.6
7845.7
7345.9
7344.6
7342.0
6342.3
9343.6
7342.4
7343.2
8841.8
7343.1
8843.6
7344.9
5347.3
5845.0
8843.2
6842.7
7844.1
8343.3
8844.0
8342.4
7341.0
7842.4
8342.1
5344.5
7843.5
5842.4
7843.3
5343.5
7341.2
8341.3
8842.9
9842.6
8842.0
7843.8
7341.4
7843.5
7344.7
7842.2
7842.7
7843.8
6342.8
6842.1
8344.0
6841.7
6842.1
7342.5
6841.8
7844.7
6842.0
7845.0
8848.2
6342.3
9842.1
6343.3
6841.9
7342.5
8342.9
8342.1
6344.7
8341.6
7841.9
9843.1
7842.0
7342.5
8340.6
6342.2
8344.0
7843.1
8343.3
7342.9
6343.6
5342.7
7843.6
8844.3
7342.6
7842.1
5341.5
6341.6
8843.1
6841.8
9341.7
5341.4
8343.1
7342.6
6343.2
8347.2
9342.9
7343.2
8343.3
7343.0
8843.7
8843.8
7844.4
5842.4
8342.8
8342.3
7344.2
6842.7
7842.9
7842.7
8843.3
8341.6
6842.2
8342.9
6342.0
8843.0
6842.4
7341.9
8346.0
6843.7
8341.5
6842.3
7343.1
7842.1
6843.4
8842.5
6343.9
7842.4
7342.7
8342.5
6342.4
6841.6
7344.5
8842.4
5844.0
5842.5
8343.8
7842.3
8844.6
7843.1
5342.7
8842.4
6342.5
8346.6
6841.5
7342.0
5341.6
9341.8
7342.1
8342.0
7846.0
7342.1
7843.6
7341.2
8841.4
7341.3
7841.9
7842.4
8842.2
6341.3
7844.5
5342.5
8841.9
7343.2
8841.6
7342.4
7845.5
7842.5
7342.5
8343.0
8841.8
7341.6
7843.5
7841.9
6842.5
6843.2
8843.7
7842.2
7343.4
7342.7
5843.0
5342.5
9343.1
8342.9
7342.2
8843.9
8841.4
7841.7
8343.5
9346.3
7343.5
8341.7
5844.5
7845.9
8345.6
7843.1
8341.5
8342.4
7341.8
7842.0
7842.5
8342.0
6343.1
7845.2
8842.8
8344.1
7842.6
8342.0
9343.5
7841.9
7842.7
8343.2
8341.2
7842.7
8341.9
7843.3
8343.7
8842.4
7342.2
7842.9
6844.2
9844.4
7344.1
8841.8
7841.7
7841.3
6343.4
7341.5
7342.2
7845.6
5341.8
7841.6
7844.5
7341.7
8342.9
9343.9
7345.8
8841.8
7841.9
9343.5
6844.0
6842.9
6842.1
8841.4
6843.7
5848.4
7843.4
7341.5
5844.1
8342.7
4845.1
8342.3
7841.8
8342.5
6842.6
5343.6
7843.4
8342.4
8843.4
6341.1
8342.7
6345.0
6842.1
7341.6
7342.9
6343.5
6342.1
8342.3
5841.2
7343.0
7842.4
7843.8
6842.0
8842.6
7841.3
8842.1
8842.6
6342.3
8341.9
7343.0
8842.9
8842.2
8343.8
8843.1
5846.1
8343.2
7341.2
9344.3
7345.4
5842.4
6842.5
5841.3
7842.3
7843.5
7843.1
6341.8
8841.7
7843.5
8841.2
8843.4
7841.7
8342.0
8844.7
7342.3
8342.3
8342.3
8343.6
6343.5
7844.9
7342.5
8342.7
5841.5
8342.4
8342.7
7341.9
9341.3
8841.5
7841.8
5343.9
6843.6
7342.2
7842.2
9341.5
7342.5
8344.3
6346.2
8341.2
8341.9
6843.5
8844.5
7843.6
7844.8
6843.7
5342.8
7343.9
7842.9
5842.4
7843.7
8842.1
6842.1
7343.4
7842.5
7842.5
7342.1
8341.0
7843.8
7842.3
8843.0
7344.6
7342.6
7842.7
9344.4
9341.1
7842.5
8841.6
9341.7
5841.7
6843.4
8341.9
7842.7
8842.7
6342.6
7341.6
7843.9
6843.4
8842.8
7842.1
5343.2
8341.6
7841.5
9342.6
6841.5
7844.1
6343.0
8842.5
8341.4
8346.3
8343.7
9842.4
6841.5
9342.4
7845.0
8841.6
8343.9
7342.1
6844.2
8842.1
8845.6
8343.0
9842.5
8843.0
3844.1
4843.5
7841.9
8343.2
8341.7
9342.4
8344.1
7842.9
8841.1
6842.3
